3890b615,19,91,96
7a42e158,30,17,11
6947a2ef,99,88,17
4683767e,14,74,22
10cddd99,22,2,78
30210a0b,8,11,2
a2450d75,92,46,94
93ef6387,98,19,30
9e7649aa,79,16,44
58666b53,30,0,29
709992c5,29,41,90
cabc8c5d,38,66,96
e55f0efa,46,37,41
c57be3ac,19,86,1
c7b0744d,62,39,58
555ecf17,87,55,25
188ca813,68,24,50
dbe31b94,12,44,76
8763542f,69,98,99
dbd46075,22,27,26
ada9132e,66,10,27
4bc6f502,77,91,57
2301a6c9,94,81,45
2d0de661,98,67,2
07f4e894,66,11,56
4f92e41c,73,80,46
d9f0110c,66,24,56
2d4204c8,47,57,28
760e07c3,30,57,4
af11010b,24,48,51
7bc4734a,7,19,41
49c15b88,44,90,100
02e24cc5,13,17,24
4d16c582,3,10,98
0c7ed5f5,45,49,91
c4efdbb9,56,10,48
3d4d5538,70,100,22
bb32df97,7,41,51
b8110933,59,31,44
58e3798a,81,96,63
7846cd4e,16,43,89
7d5cd7cc,35,36,65
260089f1,25,40,12
844794a6,38,74,22
e5b1dcab,52,71,54
c569c22d,85,83,86
a608a492,5,46,36
1fbef775,24,8,93
c5f250f1,30,57,98
a8ae7dde,39,95,96
2df64f89,58,52,5
d969bf10,52,54,1
a9287b74,14,84,35
bbee4bb4,87,94,38
75ce9558,83,99,1
d3d5373b,93,6,50
23ec26ac,54,23,63
f2cd0bc2,77,50,0
13f5ae09,2,33,11
b40ffd14,39,12,9
cea98f12,55,78,49
2098d69d,94,15,53
ebbe0816,54,31,81
ddea9cc3,1,100,98
0bd8aee5,78,34,32
d8fd7266,59,46,75
0c42cdd8,96,74,76
1ccdbeeb,75,43,48
071e20ee,31,38,38
573d0e8d,33,32,21
0221852c,87,9,100
ae87f471,16,100,16
62a74657,3,31,62
ae03924d,98,98,31
10df6087,27,90,70
db883636,73,53,0
c5091592,59,43,89
4102cb30,62,90,30
3af66e36,3,93,79
1eacdf02,38,39,78
1c45ece2,78,59,88
145b64d7,3,27,5
04c632ae,40,47,15
7e801b8e,80,52,20
780bada3,95,64,70
ad5d3691,21,59,56
4fd8d683,79,83,47
4fcad9c1,57,57,65
2fa9c65c,33,49,93
9da91e65,18,94,74
d1e0c589,16,30,80
877fca51,96,12,100
4d636c8a,85,58,40
0cf544a9,56,57,21
9f9917b3,84,42,76
813f4958,7,17,9
8b5dda1f,57,17,15
93c7ce39,58,68,21
faa5d9ad,89,95,34
23fbc85a,0,28,36